19
20
23
24
27
28
31
31
35
36
39
39
41
44
46
47
49
51
52
54
56
57
59
60
62
63
63
67
69
71
72
75
76
78
79
81
83
84
86
87
89
90
91
92
94
95
97
99
99
101
103
104
105
107
108
109
111
111
113
114
115
116
118
119
120
121
122
123
124
125
126
127
127
129
131
133
134
135
137
139
140
141
143
143
145
147
147
149
150
151
152
153
155
156
157
158
159
159
161
162
163
165
166
167
168
169
170
171
172
173
174
175
175
176
177
179
179
180
181
182
183
183
184
184
185
186
187
187
188
189
189
189
190
190
191
192
193
194
195
195
196
197
198
198
199
199
200
200
201
201
202
203
203
203
203
204
204
204
204
204
205
205
205
206
206
206
206
206
206
206
206
207
206
204
204
203
202
201
200
200
199
199
198
198
197
196
196
196
196
195
195
195
195
194
